width = 256, height = 256, depth_node = 129, iter = 10000, gpus = 2, rank = 0, size = 2
Rank = 0, slices_device[0] = 66
Rank = 0, slices_device[1] = 65
width = 256, height = 256, depth_node = 129, iter = 10000, gpus = 2, rank = 1, size = 2
Rank = 1, slices_device[0] = 66
Rank = 1, slices_device[1] = 65
Time(event) - 11.94123 s
Time(event) - 11.93617 s
Comparing the grids
Mismatch found at position (width = 1, height = 1, depth = 1) (data = 0.0000149550278180, data_compare = 0.0000007182816840)
