Starting job 439843 on c1-[15-16] at Wed Feb 28 16:14:13 CET 2024

0.000000 0.000000 0.000000 0.000000 0.000000 0.000000 0.000000 0.000000 0.000000 0.000000 0.000000 0.000000 0.000000 0.000000 0.000000 0.000000 0.000000 0.000000 0.000000 0.000000 0.000000 0.000000 0.000000 0.000000 0.000000 0.000000 0.000000 0.000000 0.000000 0.000000 0.000000 0.000000 
0.000000 0.000000 0.000000 0.000000 0.000000 0.000000 0.000000 0.000000 0.000000 0.000000 0.000000 0.000000 0.000000 0.000000 0.000000 0.000000 0.000000 0.000000 0.000000 0.000000 0.000000 0.000000 0.000000 0.000000 0.000000 0.000000 0.000000 0.000000 0.000000 0.000000 0.000000 0.000000 
0.000000 0.000000 0.000000 0.000000 0.000000 0.000000 0.000000 0.000000 0.000000 0.000000 0.000000 0.000000 0.000000 0.000000 0.000000 0.000000 0.000000 0.000000 0.000000 0.000000 0.000000 0.000000 0.000000 0.000000 0.000000 0.000000 0.000000 0.000000 0.000000 0.000000 0.000000 0.000000 
0.000000 0.000000 0.000000 0.000000 0.000000 0.000000 0.000000 0.000000 0.000000 0.000000 0.000000 0.000000 0.000000 0.000000 0.000000 0.000000 0.000000 0.000000 0.000000 0.000000 0.000000 0.000000 0.000000 0.000000 0.000000 0.000000 0.000000 0.000000 0.000000 0.000000 0.000000 0.000000 
0.000000 0.000000 0.000000 0.000000 0.000000 0.000000 0.000000 0.000000 0.000000 0.000000 0.000000 0.000000 0.000000 0.000000 0.000000 0.000000 0.000000 0.000000 0.000000 0.000000 0.000000 0.000000 0.000000 0.000000 0.000000 0.000000 0.000000 0.000000 0.000000 0.000000 0.000000 0.000000 
0.000000 0.000000 0.000000 0.000000 0.000000 0.000000 0.000000 0.000000 0.000000 0.000000 0.000000 0.000000 0.000000 0.000000 0.000000 0.000000 0.000000 0.000000 0.000000 0.000000 0.000000 0.000000 0.000000 0.000000 0.000000 0.000000 0.000000 0.000000 0.000000 0.000000 0.000000 0.000000 
0.000000 0.000000 0.000000 0.000000 0.000000 0.000000 0.000000 0.000000 0.000000 0.000000 0.000000 0.000000 0.000000 0.000000 0.000000 0.000000 0.000000 0.000000 0.000000 0.000000 0.000000 0.000000 0.000000 0.000000 0.000000 0.000000 0.000000 0.000000 0.000000 0.000000 0.000000 0.000000 
0.000000 0.000000 0.000000 0.000000 0.000000 0.000000 0.000000 0.000000 0.000000 0.000000 0.000000 0.000000 0.000000 0.000000 0.000000 0.000000 0.000000 0.000000 0.000000 0.000000 0.000000 0.000000 0.000000 0.000000 0.000000 0.000000 0.000000 0.000000 0.000000 0.000000 0.000000 0.000000 
0.000000 0.000000 0.000000 0.000000 0.000000 0.000000 0.000000 0.000000 0.000000 0.000000 0.000000 0.000000 0.000000 0.000000 0.000000 0.000000 0.000000 0.000000 0.000000 0.000000 0.000000 0.000000 0.000000 0.000000 0.000000 0.000000 0.000000 0.000000 0.000000 0.000000 0.000000 0.000000 
0.000000 0.000000 0.000000 0.000000 0.000000 0.000000 0.000000 0.000000 0.000000 0.000000 0.000000 0.000000 0.000000 0.000000 0.000000 0.000000 0.000000 0.000000 0.000000 0.000000 0.000000 0.000000 0.000000 0.000000 0.000000 0.000000 0.000000 0.000000 0.000000 0.000000 0.000000 0.000000 
0.000000 0.000000 0.000000 0.000000 0.000000 0.000000 0.000000 0.000000 0.000000 0.000000 0.000000 0.000000 0.000000 0.000000 0.000000 0.000000 0.000000 0.000000 0.000000 0.000000 0.000000 0.000000 0.000000 0.000000 0.000000 0.000000 0.000000 0.000000 0.000000 0.000000 0.000000 0.000000 
0.000000 0.000000 0.000000 0.000000 0.000000 0.000000 0.000000 0.000000 0.000000 0.000000 0.000000 0.000000 0.000000 0.000000 0.000000 0.000000 0.000000 0.000000 0.000000 0.000000 0.000000 0.000000 0.000000 0.000000 0.000000 0.000000 0.000000 0.000000 0.000000 0.000000 0.000000 0.000000 
0.000000 0.000000 0.000000 0.000000 0.000000 0.000000 0.000000 0.000000 0.000000 0.000000 0.000000 0.000000 0.000000 0.000000 0.000000 0.000000 0.000000 0.000000 0.000000 0.000000 0.000000 0.000000 0.000000 0.000000 0.000000 0.000000 0.000000 0.000000 0.000000 0.000000 0.000000 0.000000 
0.000000 0.000000 0.000000 0.000000 0.000000 0.000000 0.000000 0.000000 0.000000 0.000000 0.000000 0.000000 0.000000 0.000000 0.000000 0.000000 0.000000 0.000000 0.000000 0.000000 0.000000 0.000000 0.000000 0.000000 0.000000 0.000000 0.000000 0.000000 0.000000 0.000000 0.000000 0.000000 
0.000000 0.000000 0.000000 0.000000 0.000000 0.000000 0.000000 0.000000 0.000000 0.000000 0.000000 0.000000 0.000000 0.000000 0.000000 0.000000 0.000000 0.000000 0.000000 0.000000 0.000000 0.000000 0.000000 0.000000 0.000000 0.000000 0.000000 0.000000 0.000000 0.000000 0.000000 0.000000 
0.000000 0.000000 0.000000 0.000000 0.000000 0.000000 0.000000 0.000000 0.000000 0.000000 0.000000 0.000000 0.000000 0.000000 0.000000 0.000000 0.000000 0.000000 0.000000 0.000000 0.000000 0.000000 0.000000 0.000000 0.000000 0.000000 0.000000 0.000000 0.000000 0.000000 0.000000 0.000000 
0.000000 0.000000 0.000000 0.000000 0.000000 0.000000 0.000000 0.000000 0.000000 0.000000 0.000000 0.000000 0.000000 0.000000 0.000000 0.000000 0.000000 0.000000 0.000000 0.000000 0.000000 0.000000 0.000000 0.000000 0.000000 0.000000 0.000000 0.000000 0.000000 0.000000 0.000000 0.000000 
0.000000 0.000000 0.000000 0.000000 0.000000 0.000000 0.000000 0.000000 0.000000 0.000000 0.000000 0.000000 0.000000 0.000000 0.000000 0.000000 0.000000 0.000000 0.000000 0.000000 0.000000 0.000000 0.000000 0.000000 0.000000 0.000000 0.000000 0.000000 0.000000 0.000000 0.000000 0.000000 
0.000000 0.000000 0.000000 0.000000 0.000000 0.000000 0.000000 0.000000 0.000000 0.000000 0.000000 0.000000 0.000000 0.000000 0.000000 0.000000 0.000000 0.000000 0.000000 0.000000 0.000000 0.000000 0.000000 0.000000 0.000000 0.000000 0.000000 0.000000 0.000000 0.000000 0.000000 0.000000 
0.000000 0.000000 0.000000 0.000000 0.000000 0.000000 0.000000 0.000000 0.000000 0.000000 0.000000 0.000000 0.000000 0.000000 0.000000 0.000000 0.000000 0.000000 0.000000 0.000000 0.000000 0.000000 0.000000 0.000000 0.000000 0.000000 0.000000 0.000000 0.000000 0.000000 0.000000 0.000000 
0.000000 0.000000 0.000000 0.000000 0.000000 0.000000 0.000000 0.000000 0.000000 0.000000 0.000000 0.000000 0.000000 0.000000 0.000000 0.000000 0.000000 0.000000 0.000000 0.000000 0.000000 0.000000 0.000000 0.000000 0.000000 0.000000 0.000000 0.000000 0.000000 0.000000 0.000000 0.000000 
0.000000 0.000000 0.000000 0.000000 0.000000 0.000000 0.000000 0.000000 0.000000 0.000000 0.000000 0.000000 0.000000 0.000000 0.000000 0.000000 0.000000 0.000000 0.000000 0.000000 0.000000 0.000000 0.000000 0.000000 0.000000 0.000000 0.000000 0.000000 0.000000 0.000000 0.000000 0.000000 
0.000000 0.000000 0.000000 0.000000 0.000000 0.000000 0.000000 0.000000 0.000000 0.000000 0.000000 0.000000 0.000000 0.000000 0.000000 0.000000 0.000000 0.000000 0.000000 0.000000 0.000000 0.000000 0.000000 0.000000 0.000000 0.000000 0.000000 0.000000 0.000000 0.000000 0.000000 0.000000 
0.000000 0.000000 0.000000 0.000000 0.000000 0.000000 0.000000 0.000000 0.000000 0.000000 0.000000 0.000000 0.000000 0.000000 0.000000 0.000000 0.000000 0.000000 0.000000 0.000000 0.000000 0.000000 0.000000 0.000000 0.000000 0.000000 0.000000 0.000000 0.000000 0.000000 0.000000 0.000000 
0.000000 0.000000 0.000000 0.000000 0.000000 0.000000 0.000000 0.000000 0.000000 0.000000 0.000000 0.000000 0.000000 0.000000 0.000000 0.000000 0.000000 0.000000 0.000000 0.000000 0.000000 0.000000 0.000000 0.000000 0.000000 0.000000 0.000000 0.000000 0.000000 0.000000 0.000000 0.000000 
0.000000 0.000000 0.000000 0.000000 0.000000 0.000000 0.000000 0.000000 0.000000 0.000000 0.000000 0.000000 0.000000 0.000000 0.000000 0.000000 0.000000 0.000000 0.000000 0.000000 0.000000 0.000000 0.000000 0.000000 0.000000 0.000000 0.000000 0.000000 0.000000 0.000000 0.000000 0.000000 
0.000000 0.000000 0.000000 0.000000 0.000000 0.000000 0.000000 0.000000 0.000000 0.000000 0.000000 0.000000 0.000000 0.000000 0.000000 0.000000 0.000000 0.000000 0.000000 0.000000 0.000000 0.000000 0.000000 0.000000 0.000000 0.000000 0.000000 0.000000 0.000000 0.000000 0.000000 0.000000 
0.000000 0.000000 0.000000 0.000000 0.000000 0.000000 0.000000 0.000000 0.000000 0.000000 0.000000 0.000000 0.000000 0.000000 0.000000 0.000000 0.000000 0.000000 0.000000 0.000000 0.000000 0.000000 0.000000 0.000000 0.000000 0.000000 0.000000 0.000000 0.000000 0.000000 0.000000 0.000000 
0.000000 0.000000 0.000000 0.000000 0.000000 0.000000 0.000000 0.000000 0.000000 0.000000 0.000000 0.000000 0.000000 0.000000 0.000000 0.000000 0.000000 0.000000 0.000000 0.000000 0.000000 0.000000 0.000000 0.000000 0.000000 0.000000 0.000000 0.000000 0.000000 0.000000 0.000000 0.000000 
0.000000 0.000000 0.000000 0.000000 0.000000 0.000000 0.000000 0.000000 0.000000 0.000000 0.000000 0.000000 0.000000 0.000000 0.000000 0.000000 0.000000 0.000000 0.000000 0.000000 0.000000 0.000000 0.000000 0.000000 0.000000 0.000000 0.000000 0.000000 0.000000 0.000000 0.000000 0.000000 
0.000000 0.000000 0.000000 0.000000 0.000000 0.000000 0.000000 0.000000 0.000000 0.000000 0.000000 0.000000 0.000000 0.000000 0.000000 0.000000 0.000000 0.000000 0.000000 0.000000 0.000000 0.000000 0.000000 0.000000 0.000000 0.000000 0.000000 0.000000 0.000000 0.000000 0.000000 0.000000 
0.000000 0.000000 0.000000 0.000000 0.000000 0.000000 0.000000 0.000000 0.000000 0.000000 0.000000 0.000000 0.000000 0.000000 0.000000 0.000000 0.000000 0.000000 0.000000 0.000000 0.000000 0.000000 0.000000 0.000000 0.000000 0.000000 0.000000 0.000000 0.000000 0.000000 0.000000 0.000000 


0.000000 0.000000 0.000000 0.000000 0.000000 0.000000 0.000000 0.000000 0.000000 0.000000 0.000000 0.000000 0.000000 0.000000 0.000000 0.000000 0.000000 0.000000 0.000000 0.000000 0.000000 0.000000 0.000000 0.000000 0.000000 0.000000 0.000000 0.000000 0.000000 0.000000 0.000000 0.000000 
0.000000 0.008157 0.015980 0.023148 0.029369 0.034388 0.037999 0.040054 0.040469 0.039228 0.036380 0.032043 0.026394 0.019665 0.012131 0.004099 -0.004099 -0.012131 -0.019665 -0.026394 -0.032043 -0.036380 -0.039228 -0.040469 -0.040054 -0.037999 -0.034388 -0.029369 -0.023148 -0.015980 -0.008157 0.000000 
0.000000 0.015980 0.031305 0.045349 0.057536 0.067368 0.074442 0.078468 0.079281 0.076849 0.071271 0.062774 0.051708 0.038525 0.023764 0.008031 -0.008031 -0.023764 -0.038525 -0.051708 -0.062774 -0.071271 -0.076849 -0.079281 -0.078468 -0.074442 -0.067368 -0.057536 -0.045349 -0.031305 -0.015980 0.000000 
0.000000 0.023148 0.045349 0.065693 0.083348 0.097590 0.107837 0.113669 0.114848 0.111324 0.103243 0.090936 0.074905 0.055808 0.034425 0.011634 -0.011634 -0.034425 -0.055808 -0.074905 -0.090936 -0.103243 -0.111324 -0.114848 -0.113669 -0.107837 -0.097590 -0.083348 -0.065693 -0.045349 -0.023148 0.000000 
0.000000 0.029369 0.057536 0.083348 0.105747 0.123817 0.136818 0.144217 0.145712 0.141242 0.130989 0.115374 0.095035 0.070805 0.043677 0.014760 -0.014760 -0.043677 -0.070805 -0.095035 -0.115374 -0.130989 -0.141242 -0.145712 -0.144217 -0.136818 -0.123817 -0.105747 -0.083348 -0.057536 -0.029369 0.000000 
0.000000 0.034388 0.067368 0.097590 0.123817 0.144975 0.160197 0.168861 0.170612 0.165377 0.153373 0.135089 0.111275 0.082905 0.051140 0.017283 -0.017283 -0.051140 -0.082905 -0.111275 -0.135089 -0.153373 -0.165377 -0.170612 -0.168861 -0.160197 -0.144975 -0.123817 -0.097590 -0.067368 -0.034388 0.000000 
0.000000 0.037999 0.074442 0.107837 0.136818 0.160197 0.177018 0.186591 0.188526 0.182742 0.169477 0.149273 0.122958 0.091610 0.056510 0.019097 -0.019097 -0.056510 -0.091610 -0.122958 -0.149273 -0.169477 -0.182742 -0.188526 -0.186591 -0.177018 -0.160197 -0.136818 -0.107837 -0.074442 -0.037999 0.000000 
0.000000 0.040054 0.078468 0.113669 0.144217 0.168861 0.186591 0.196683 0.198722 0.192625 0.178643 0.157346 0.129608 0.096564 0.059566 0.020130 -0.020130 -0.059566 -0.096564 -0.129608 -0.157346 -0.178643 -0.192625 -0.198722 -0.196683 -0.186591 -0.168861 -0.144217 -0.113669 -0.078468 -0.040054 0.000000 
0.000000 0.040469 0.079281 0.114848 0.145712 0.170612 0.188526 0.198722 0.200782 0.194622 0.180495 0.158978 0.130952 0.097565 0.060184 0.020339 -0.020339 -0.060184 -0.097565 -0.130952 -0.158978 -0.180495 -0.194622 -0.200782 -0.198722 -0.188526 -0.170612 -0.145712 -0.114848 -0.079281 -0.040469 0.000000 
0.000000 0.039228 0.076849 0.111324 0.141242 0.165377 0.182742 0.192625 0.194622 0.188652 0.174957 0.154100 0.126935 0.094572 0.058338 0.019715 -0.019715 -0.058338 -0.094572 -0.126935 -0.154100 -0.174957 -0.188652 -0.194622 -0.192625 -0.182742 -0.165377 -0.141242 -0.111324 -0.076849 -0.039228 0.000000 
0.000000 0.036380 0.071271 0.103243 0.130989 0.153373 0.169477 0.178643 0.180495 0.174957 0.162257 0.142914 0.117720 0.087707 0.054103 0.018284 -0.018284 -0.054103 -0.087707 -0.117720 -0.142914 -0.162257 -0.174957 -0.180495 -0.178643 -0.169477 -0.153373 -0.130989 -0.103243 -0.071271 -0.036380 0.000000 
0.000000 0.032043 0.062774 0.090936 0.115374 0.135089 0.149273 0.157346 0.158978 0.154100 0.142914 0.125877 0.103687 0.077251 0.047653 0.016104 -0.016104 -0.047653 -0.077251 -0.103687 -0.125877 -0.142914 -0.154100 -0.158978 -0.157346 -0.149273 -0.135089 -0.115374 -0.090936 -0.062774 -0.032043 0.000000 
0.000000 0.026394 0.051708 0.074905 0.095035 0.111275 0.122958 0.129608 0.130952 0.126935 0.117720 0.103687 0.085408 0.063633 0.039253 0.013265 -0.013265 -0.039253 -0.063633 -0.085408 -0.103687 -0.117720 -0.126935 -0.130952 -0.129608 -0.122958 -0.111275 -0.095035 -0.074905 -0.051708 -0.026394 0.000000 
0.000000 0.019665 0.038525 0.055808 0.070805 0.082905 0.091610 0.096564 0.097565 0.094572 0.087707 0.077251 0.063633 0.047409 0.029245 0.009883 -0.009883 -0.029245 -0.047409 -0.063633 -0.077251 -0.087707 -0.094572 -0.097565 -0.096564 -0.091610 -0.082905 -0.070805 -0.055808 -0.038525 -0.019665 0.000000 
0.000000 0.012131 0.023764 0.034425 0.043677 0.051140 0.056510 0.059566 0.060184 0.058338 0.054103 0.047653 0.039253 0.029245 0.018040 0.006097 -0.006097 -0.018040 -0.029245 -0.039253 -0.047653 -0.054103 -0.058338 -0.060184 -0.059566 -0.056510 -0.051140 -0.043677 -0.034425 -0.023764 -0.012131 0.000000 
0.000000 0.004099 0.008031 0.011634 0.014760 0.017283 0.019097 0.020130 0.020339 0.019715 0.018284 0.016104 0.013265 0.009883 0.006097 0.002060 -0.002060 -0.006097 -0.009883 -0.013265 -0.016104 -0.018284 -0.019715 -0.020339 -0.020130 -0.019097 -0.017283 -0.014760 -0.011634 -0.008031 -0.004099 0.000000 
0.000000 -0.004099 -0.008031 -0.011634 -0.014760 -0.017283 -0.019097 -0.020130 -0.020339 -0.019715 -0.018284 -0.016104 -0.013265 -0.009883 -0.006097 -0.002060 0.002060 0.006097 0.009883 0.013265 0.016104 0.018284 0.019715 0.020339 0.020130 0.019097 0.017283 0.014760 0.011634 0.008031 0.004099 0.000000 
0.000000 -0.012131 -0.023764 -0.034425 -0.043677 -0.051140 -0.056510 -0.059566 -0.060184 -0.058338 -0.054103 -0.047653 -0.039253 -0.029245 -0.018040 -0.006097 0.006097 0.018040 0.029245 0.039253 0.047653 0.054103 0.058338 0.060184 0.059566 0.056510 0.051140 0.043677 0.034425 0.023764 0.012131 0.000000 
0.000000 -0.019665 -0.038525 -0.055808 -0.070805 -0.082905 -0.091610 -0.096564 -0.097565 -0.094572 -0.087707 -0.077251 -0.063633 -0.047409 -0.029245 -0.009883 0.009883 0.029245 0.047409 0.063633 0.077251 0.087707 0.094572 0.097565 0.096564 0.091610 0.082905 0.070805 0.055808 0.038525 0.019665 0.000000 
0.000000 -0.026394 -0.051708 -0.074905 -0.095035 -0.111275 -0.122958 -0.129608 -0.130952 -0.126935 -0.117720 -0.103687 -0.085408 -0.063633 -0.039253 -0.013265 0.013265 0.039253 0.063633 0.085408 0.103687 0.117720 0.126935 0.130952 0.129608 0.122958 0.111275 0.095035 0.074905 0.051708 0.026394 0.000000 
0.000000 -0.032043 -0.062774 -0.090936 -0.115374 -0.135089 -0.149273 -0.157346 -0.158978 -0.154100 -0.142914 -0.125877 -0.103687 -0.077251 -0.047653 -0.016104 0.016104 0.047653 0.077251 0.103687 0.125877 0.142914 0.154100 0.158978 0.157346 0.149273 0.135089 0.115374 0.090936 0.062774 0.032043 0.000000 
0.000000 -0.036380 -0.071271 -0.103243 -0.130989 -0.153373 -0.169477 -0.178643 -0.180495 -0.174957 -0.162257 -0.142914 -0.117720 -0.087707 -0.054103 -0.018284 0.018284 0.054103 0.087707 0.117720 0.142914 0.162257 0.174957 0.180495 0.178643 0.169477 0.153373 0.130989 0.103243 0.071271 0.036380 0.000000 
0.000000 -0.039228 -0.076849 -0.111324 -0.141242 -0.165377 -0.182742 -0.192625 -0.194622 -0.188652 -0.174957 -0.154100 -0.126935 -0.094572 -0.058338 -0.019715 0.019715 0.058338 0.094572 0.126935 0.154100 0.174957 0.188652 0.194622 0.192625 0.182742 0.165377 0.141242 0.111324 0.076849 0.039228 0.000000 
0.000000 -0.040469 -0.079281 -0.114848 -0.145712 -0.170612 -0.188526 -0.198722 -0.200782 -0.194622 -0.180495 -0.158978 -0.130952 -0.097565 -0.060184 -0.020339 0.020339 0.060184 0.097565 0.130952 0.158978 0.180495 0.194622 0.200782 0.198722 0.188526 0.170612 0.145712 0.114848 0.079281 0.040469 0.000000 
0.000000 -0.040054 -0.078468 -0.113669 -0.144217 -0.168861 -0.186591 -0.196683 -0.198722 -0.192625 -0.178643 -0.157346 -0.129608 -0.096564 -0.059566 -0.020130 0.020130 0.059566 0.096564 0.129608 0.157346 0.178643 0.192625 0.198722 0.196683 0.186591 0.168861 0.144217 0.113669 0.078468 0.040054 0.000000 
0.000000 -0.037999 -0.074442 -0.107837 -0.136818 -0.160197 -0.177018 -0.186591 -0.188526 -0.182742 -0.169477 -0.149273 -0.122958 -0.091610 -0.056510 -0.019097 0.019097 0.056510 0.091610 0.122958 0.149273 0.169477 0.182742 0.188526 0.186591 0.177018 0.160197 0.136818 0.107837 0.074442 0.037999 0.000000 
0.000000 -0.034388 -0.067368 -0.097590 -0.123817 -0.144975 -0.160197 -0.168861 -0.170612 -0.165377 -0.153373 -0.135089 -0.111275 -0.082905 -0.051140 -0.017283 0.017283 0.051140 0.082905 0.111275 0.135089 0.153373 0.165377 0.170612 0.168861 0.160197 0.144975 0.123817 0.097590 0.067368 0.034388 0.000000 
0.000000 -0.029369 -0.057536 -0.083348 -0.105747 -0.123817 -0.136818 -0.144217 -0.145712 -0.141242 -0.130989 -0.115374 -0.095035 -0.070805 -0.043677 -0.014760 0.014760 0.043677 0.070805 0.095035 0.115374 0.130989 0.141242 0.145712 0.144217 0.136818 0.123817 0.105747 0.083348 0.057536 0.029369 0.000000 
0.000000 -0.023148 -0.045349 -0.065693 -0.083348 -0.097590 -0.107837 -0.113669 -0.114848 -0.111324 -0.103243 -0.090936 -0.074905 -0.055808 -0.034425 -0.011634 0.011634 0.034425 0.055808 0.074905 0.090936 0.103243 0.111324 0.114848 0.113669 0.107837 0.097590 0.083348 0.065693 0.045349 0.023148 0.000000 
0.000000 -0.015980 -0.031305 -0.045349 -0.057536 -0.067368 -0.074442 -0.078468 -0.079281 -0.076849 -0.071271 -0.062774 -0.051708 -0.038525 -0.023764 -0.008031 0.008031 0.023764 0.038525 0.051708 0.062774 0.071271 0.076849 0.079281 0.078468 0.074442 0.067368 0.057536 0.045349 0.031305 0.015980 0.000000 
0.000000 -0.008157 -0.015980 -0.023148 -0.029369 -0.034388 -0.037999 -0.040054 -0.040469 -0.039228 -0.036380 -0.032043 -0.026394 -0.019665 -0.012131 -0.004099 0.004099 0.012131 0.019665 0.026394 0.032043 0.036380 0.039228 0.040469 0.040054 0.037999 0.034388 0.029369 0.023148 0.015980 0.008157 0.000000 
0.000000 0.000000 0.000000 0.000000 0.000000 0.000000 0.000000 0.000000 0.000000 0.000000 0.000000 0.000000 0.000000 0.000000 0.000000 0.000000 0.000000 0.000000 0.000000 0.000000 0.000000 0.000000 0.000000 0.000000 0.000000 0.000000 0.000000 0.000000 0.000000 0.000000 0.000000 0.000000 


0.000000 0.000000 0.000000 0.000000 0.000000 0.000000 0.000000 0.000000 0.000000 0.000000 0.000000 0.000000 0.000000 0.000000 0.000000 0.000000 0.000000 0.000000 0.000000 0.000000 0.000000 0.000000 0.000000 0.000000 0.000000 0.000000 0.000000 0.000000 0.000000 0.000000 0.000000 0.000000 
0.000000 0.015980 0.031305 0.045349 0.057536 0.067368 0.074442 0.078468 0.079281 0.076849 0.071271 0.062774 0.051708 0.038525 0.023764 0.008031 -0.008031 -0.023764 -0.038525 -0.051708 -0.062774 -0.071271 -0.076849 -0.079281 -0.078468 -0.074442 -0.067368 -0.057536 -0.045349 -0.031305 -0.015980 0.000000 
0.000000 0.031305 0.061329 0.088842 0.112717 0.131978 0.145836 0.153723 0.155317 0.150552 0.139623 0.122979 0.101299 0.075472 0.046556 0.015733 -0.015733 -0.046556 -0.075472 -0.101299 -0.122979 -0.139623 -0.150552 -0.155317 -0.153723 -0.145836 -0.131978 -0.112717 -0.088842 -0.061329 -0.031305 0.000000 
0.000000 0.045349 0.088842 0.128697 0.163283 0.191185 0.211260 0.222685 0.224994 0.218091 0.202260 0.178148 0.146743 0.109330 0.067441 0.022791 -0.022791 -0.067441 -0.109330 -0.146743 -0.178148 -0.202260 -0.218091 -0.224994 -0.222685 -0.211260 -0.191185 -0.163283 -0.128697 -0.088842 -0.045349 0.000000 
0.000000 0.057536 0.112717 0.163283 0.207165 0.242565 0.268034 0.282530 0.285459 0.276702 0.256616 0.226024 0.186179 0.138712 0.085566 0.028917 -0.028917 -0.085566 -0.138712 -0.186179 -0.226024 -0.256616 -0.276702 -0.285459 -0.282530 -0.268034 -0.242565 -0.207165 -0.163283 -0.112717 -0.057536 0.000000 
0.000000 0.067368 0.131978 0.191185 0.242565 0.284014 0.313835 0.330809 0.334238 0.323984 0.300466 0.264647 0.217993 0.162415 0.100187 0.033858 -0.033858 -0.100187 -0.162415 -0.217993 -0.264647 -0.300466 -0.323984 -0.334238 -0.330809 -0.313835 -0.284014 -0.242565 -0.191185 -0.131978 -0.067368 0.000000 
0.000000 0.074442 0.145836 0.211260 0.268034 0.313835 0.346788 0.365544 0.369333 0.358003 0.332015 0.292435 0.240883 0.179469 0.110707 0.037413 -0.037413 -0.110707 -0.179469 -0.240883 -0.292435 -0.332015 -0.358003 -0.369333 -0.365544 -0.346788 -0.313835 -0.268034 -0.211260 -0.145836 -0.074442 0.000000 
0.000000 0.078468 0.153723 0.222685 0.282530 0.330809 0.365544 0.385313 0.389308 0.377364 0.349972 0.308251 0.253910 0.189175 0.116694 0.039436 -0.039436 -0.116694 -0.189175 -0.253910 -0.308251 -0.349972 -0.377364 -0.389308 -0.385313 -0.365544 -0.330809 -0.282530 -0.222685 -0.153723 -0.078468 0.000000 
0.000000 0.079281 0.155317 0.224994 0.285459 0.334238 0.369333 0.389308 0.393344 0.381277 0.353600 0.311447 0.256543 0.191136 0.117904 0.039845 -0.039845 -0.117904 -0.191136 -0.256543 -0.311447 -0.353600 -0.381277 -0.393344 -0.389308 -0.369333 -0.334238 -0.285459 -0.224994 -0.155317 -0.079281 0.000000 
0.000000 0.076849 0.150552 0.218091 0.276702 0.323984 0.358003 0.377364 0.381277 0.369580 0.342752 0.301892 0.248672 0.185272 0.114287 0.038623 -0.038623 -0.114287 -0.185272 -0.248672 -0.301892 -0.342752 -0.369580 -0.381277 -0.377364 -0.358003 -0.323984 -0.276702 -0.218091 -0.150552 -0.076849 0.000000 
0.000000 0.071271 0.139623 0.202260 0.256616 0.300466 0.332015 0.349972 0.353600 0.342752 0.317872 0.279978 0.230621 0.171823 0.105991 0.035819 -0.035819 -0.105991 -0.171823 -0.230621 -0.279978 -0.317872 -0.342752 -0.353600 -0.349972 -0.332015 -0.300466 -0.256616 -0.202260 -0.139623 -0.071271 0.000000 
0.000000 0.062774 0.122979 0.178148 0.226024 0.264647 0.292435 0.308251 0.311447 0.301892 0.279978 0.246601 0.203129 0.151340 0.093356 0.031549 -0.031549 -0.093356 -0.151340 -0.203129 -0.246601 -0.279978 -0.301892 -0.311447 -0.308251 -0.292435 -0.264647 -0.226024 -0.178148 -0.122979 -0.062774 0.000000 
0.000000 0.051708 0.101299 0.146743 0.186179 0.217993 0.240883 0.253910 0.256543 0.248672 0.230621 0.203129 0.167320 0.124661 0.076898 0.025987 -0.025987 -0.076898 -0.124661 -0.167320 -0.203129 -0.230621 -0.248672 -0.256543 -0.253910 -0.240883 -0.217993 -0.186179 -0.146743 -0.101299 -0.051708 0.000000 
0.000000 0.038525 0.075472 0.109330 0.138712 0.162415 0.179469 0.189175 0.191136 0.185272 0.171823 0.151340 0.124661 0.092878 0.057293 0.019362 -0.019362 -0.057293 -0.092878 -0.124661 -0.151340 -0.171823 -0.185272 -0.191136 -0.189175 -0.179469 -0.162415 -0.138712 -0.109330 -0.075472 -0.038525 0.000000 
0.000000 0.023764 0.046556 0.067441 0.085566 0.100187 0.110707 0.116694 0.117904 0.114287 0.105991 0.093356 0.076898 0.057293 0.035341 0.011943 -0.011943 -0.035341 -0.057293 -0.076898 -0.093356 -0.105991 -0.114287 -0.117904 -0.116694 -0.110707 -0.100187 -0.085566 -0.067441 -0.046556 -0.023764 0.000000 
0.000000 0.008031 0.015733 0.022791 0.028917 0.033858 0.037413 0.039436 0.039845 0.038623 0.035819 0.031549 0.025987 0.019362 0.011943 0.004036 -0.004036 -0.011943 -0.019362 -0.025987 -0.031549 -0.035819 -0.038623 -0.039845 -0.039436 -0.037413 -0.033858 -0.028917 -0.022791 -0.015733 -0.008031 0.000000 
0.000000 -0.008031 -0.015733 -0.022791 -0.028917 -0.033858 -0.037413 -0.039436 -0.039845 -0.038623 -0.035819 -0.031549 -0.025987 -0.019362 -0.011943 -0.004036 0.004036 0.011943 0.019362 0.025987 0.031549 0.035819 0.038623 0.039845 0.039436 0.037413 0.033858 0.028917 0.022791 0.015733 0.008031 0.000000 
0.000000 -0.023764 -0.046556 -0.067441 -0.085566 -0.100187 -0.110707 -0.116694 -0.117904 -0.114287 -0.105991 -0.093356 -0.076898 -0.057293 -0.035341 -0.011943 0.011943 0.035341 0.057293 0.076898 0.093356 0.105991 0.114287 0.117904 0.116694 0.110707 0.100187 0.085566 0.067441 0.046556 0.023764 0.000000 
0.000000 -0.038525 -0.075472 -0.109330 -0.138712 -0.162415 -0.179469 -0.189175 -0.191136 -0.185272 -0.171823 -0.151340 -0.124661 -0.092878 -0.057293 -0.019362 0.019362 0.057293 0.092878 0.124661 0.151340 0.171823 0.185272 0.191136 0.189175 0.179469 0.162415 0.138712 0.109330 0.075472 0.038525 0.000000 
0.000000 -0.051708 -0.101299 -0.146743 -0.186179 -0.217993 -0.240883 -0.253910 -0.256543 -0.248672 -0.230621 -0.203129 -0.167320 -0.124661 -0.076898 -0.025987 0.025987 0.076898 0.124661 0.167320 0.203129 0.230621 0.248672 0.256543 0.253910 0.240883 0.217993 0.186179 0.146743 0.101299 0.051708 0.000000 
0.000000 -0.062774 -0.122979 -0.178148 -0.226024 -0.264647 -0.292435 -0.308251 -0.311447 -0.301892 -0.279978 -0.246601 -0.203129 -0.151340 -0.093356 -0.031549 0.031549 0.093356 0.151340 0.203129 0.246601 0.279978 0.301892 0.311447 0.308251 0.292435 0.264647 0.226024 0.178148 0.122979 0.062774 0.000000 
0.000000 -0.071271 -0.139623 -0.202260 -0.256616 -0.300466 -0.332015 -0.349972 -0.353600 -0.342752 -0.317872 -0.279978 -0.230621 -0.171823 -0.105991 -0.035819 0.035819 0.105991 0.171823 0.230621 0.279978 0.317872 0.342752 0.353600 0.349972 0.332015 0.300466 0.256616 0.202260 0.139623 0.071271 0.000000 
0.000000 -0.076849 -0.150552 -0.218091 -0.276702 -0.323984 -0.358003 -0.377364 -0.381277 -0.369580 -0.342752 -0.301892 -0.248672 -0.185272 -0.114287 -0.038623 0.038623 0.114287 0.185272 0.248672 0.301892 0.342752 0.369580 0.381277 0.377364 0.358003 0.323984 0.276702 0.218091 0.150552 0.076849 0.000000 
0.000000 -0.079281 -0.155317 -0.224994 -0.285459 -0.334238 -0.369333 -0.389308 -0.393344 -0.381277 -0.353600 -0.311447 -0.256543 -0.191136 -0.117904 -0.039845 0.039845 0.117904 0.191136 0.256543 0.311447 0.353600 0.381277 0.393344 0.389308 0.369333 0.334238 0.285459 0.224994 0.155317 0.079281 0.000000 
0.000000 -0.078468 -0.153723 -0.222685 -0.282530 -0.330809 -0.365544 -0.385313 -0.389308 -0.377364 -0.349972 -0.308251 -0.253910 -0.189175 -0.116694 -0.039436 0.039436 0.116694 0.189175 0.253910 0.308251 0.349972 0.377364 0.389308 0.385313 0.365544 0.330809 0.282530 0.222685 0.153723 0.078468 0.000000 
0.000000 -0.074442 -0.145836 -0.211260 -0.268034 -0.313835 -0.346788 -0.365544 -0.369333 -0.358003 -0.332015 -0.292435 -0.240883 -0.179469 -0.110707 -0.037413 0.037413 0.110707 0.179469 0.240883 0.292435 0.332015 0.358003 0.369333 0.365544 0.346788 0.313835 0.268034 0.211260 0.145836 0.074442 0.000000 
0.000000 -0.067368 -0.131978 -0.191185 -0.242565 -0.284014 -0.313835 -0.330809 -0.334238 -0.323984 -0.300466 -0.264647 -0.217993 -0.162415 -0.100187 -0.033858 0.033858 0.100187 0.162415 0.217993 0.264647 0.300466 0.323984 0.334238 0.330809 0.313835 0.284014 0.242565 0.191185 0.131978 0.067368 0.000000 
0.000000 -0.057536 -0.112717 -0.163283 -0.207165 -0.242565 -0.268034 -0.282530 -0.285459 -0.276702 -0.256616 -0.226024 -0.186179 -0.138712 -0.085566 -0.028917 0.028917 0.085566 0.138712 0.186179 0.226024 0.256616 0.276702 0.285459 0.282530 0.268034 0.242565 0.207165 0.163283 0.112717 0.057536 0.000000 
0.000000 -0.045349 -0.088842 -0.128697 -0.163283 -0.191185 -0.211260 -0.222685 -0.224994 -0.218091 -0.202260 -0.178148 -0.146743 -0.109330 -0.067441 -0.022791 0.022791 0.067441 0.109330 0.146743 0.178148 0.202260 0.218091 0.224994 0.222685 0.211260 0.191185 0.163283 0.128697 0.088842 0.045349 0.000000 
0.000000 -0.031305 -0.061329 -0.088842 -0.112717 -0.131978 -0.145836 -0.153723 -0.155317 -0.150552 -0.139623 -0.122979 -0.101299 -0.075472 -0.046556 -0.015733 0.015733 0.046556 0.075472 0.101299 0.122979 0.139623 0.150552 0.155317 0.153723 0.145836 0.131978 0.112717 0.088842 0.061329 0.031305 0.000000 
0.000000 -0.015980 -0.031305 -0.045349 -0.057536 -0.067368 -0.074442 -0.078468 -0.079281 -0.076849 -0.071271 -0.062774 -0.051708 -0.038525 -0.023764 -0.008031 0.008031 0.023764 0.038525 0.051708 0.062774 0.071271 0.076849 0.079281 0.078468 0.074442 0.067368 0.057536 0.045349 0.031305 0.015980 0.000000 
0.000000 0.000000 0.000000 0.000000 0.000000 0.000000 0.000000 0.000000 0.000000 0.000000 0.000000 0.000000 0.000000 0.000000 0.000000 0.000000 0.000000 0.000000 0.000000 0.000000 0.000000 0.000000 0.000000 0.000000 0.000000 0.000000 0.000000 0.000000 0.000000 0.000000 0.000000 0.000000 


0.000000 0.000000 0.000000 0.000000 0.000000 0.000000 0.000000 0.000000 0.000000 0.000000 0.000000 0.000000 0.000000 0.000000 0.000000 0.000000 0.000000 0.000000 0.000000 0.000000 0.000000 0.000000 0.000000 0.000000 0.000000 0.000000 0.000000 0.000000 0.000000 0.000000 0.000000 0.000000 
0.000000 0.023148 0.045349 0.065693 0.083348 0.097590 0.107837 0.113669 0.114848 0.111324 0.103243 0.090936 0.074905 0.055808 0.034425 0.011634 -0.011634 -0.034425 -0.055808 -0.074905 -0.090936 -0.103243 -0.111324 -0.114848 -0.113669 -0.107837 -0.097590 -0.083348 -0.065693 -0.045349 -0.023148 0.000000 
0.000000 0.045349 0.088842 0.128697 0.163283 0.191185 0.211260 0.222685 0.224994 0.218091 0.202260 0.178148 0.146743 0.109330 0.067441 0.022791 -0.022791 -0.067441 -0.109330 -0.146743 -0.178148 -0.202260 -0.218091 -0.224994 -0.222685 -0.211260 -0.191185 -0.163283 -0.128697 -0.088842 -0.045349 0.000000 
0.000000 0.065693 0.128697 0.186432 0.236534 0.276953 0.306033 0.322584 0.325929 0.315929 0.292996 0.258068 0.212574 0.158377 0.097696 0.033016 -0.033016 -0.097696 -0.158377 -0.212574 -0.258068 -0.292996 -0.315929 -0.325929 -0.322584 -0.306033 -0.276953 -0.236534 -0.186432 -0.128697 -0.065693 0.000000 
0.000000 0.083348 0.163283 0.236534 0.300101 0.351382 0.388277 0.409276 0.413520 0.400833 0.371737 0.327422 0.269701 0.200940 0.123952 0.041889 -0.041889 -0.123952 -0.200940 -0.269701 -0.327422 -0.371737 -0.400833 -0.413520 -0.409276 -0.388277 -0.351382 -0.300101 -0.236534 -0.163283 -0.083348 0.000000 
0.000000 0.097590 0.191185 0.276953 0.351382 0.411426 0.454626 0.479213 0.484181 0.469327 0.435259 0.383371 0.315788 0.235276 0.145132 0.049047 -0.049047 -0.145132 -0.235276 -0.315788 -0.383371 -0.435259 -0.469327 -0.484181 -0.479213 -0.454626 -0.411426 -0.351382 -0.276953 -0.191185 -0.097590 0.000000 
0.000000 0.107837 0.211260 0.306033 0.388277 0.454626 0.502361 0.529530 0.535020 0.518607 0.480961 0.423625 0.348945 0.259980 0.160371 0.054197 -0.054197 -0.160371 -0.259980 -0.348945 -0.423625 -0.480961 -0.518607 -0.535020 -0.529530 -0.502361 -0.454626 -0.388277 -0.306033 -0.211260 -0.107837 0.000000 
0.000000 0.113669 0.222685 0.322584 0.409276 0.479213 0.529530 0.558169 0.563956 0.546654 0.506973 0.446536 0.367817 0.274041 0.169045 0.057128 -0.057128 -0.169045 -0.274041 -0.367817 -0.446536 -0.506973 -0.546654 -0.563956 -0.558169 -0.529530 -0.479213 -0.409276 -0.322584 -0.222685 -0.113669 0.000000 
0.000000 0.114848 0.224994 0.325929 0.413520 0.484181 0.535020 0.563956 0.569803 0.552322 0.512229 0.451165 0.371631 0.276882 0.170797 0.057720 -0.057720 -0.170797 -0.276882 -0.371631 -0.451165 -0.512229 -0.552322 -0.569803 -0.563956 -0.535020 -0.484181 -0.413520 -0.325929 -0.224994 -0.114848 0.000000 
0.000000 0.111324 0.218091 0.315929 0.400833 0.469327 0.518607 0.546654 0.552322 0.535377 0.496514 0.437324 0.360230 0.268387 0.165557 0.055949 -0.055949 -0.165557 -0.268387 -0.360230 -0.437324 -0.496514 -0.535377 -0.552322 -0.546654 -0.518607 -0.469327 -0.400833 -0.315929 -0.218091 -0.111324 0.000000 
0.000000 0.103243 0.202260 0.292996 0.371737 0.435259 0.480961 0.506973 0.512229 0.496514 0.460472 0.405579 0.334081 0.248905 0.153540 0.051888 -0.051888 -0.153540 -0.248905 -0.334081 -0.405579 -0.460472 -0.496514 -0.512229 -0.506973 -0.480961 -0.435259 -0.371737 -0.292996 -0.202260 -0.103243 0.000000 
0.000000 0.090936 0.178148 0.258068 0.327422 0.383371 0.423625 0.446536 0.451165 0.437324 0.405579 0.357229 0.294254 0.219233 0.135236 0.045702 -0.045702 -0.135236 -0.219233 -0.294254 -0.357229 -0.405579 -0.437324 -0.451165 -0.446536 -0.423625 -0.383371 -0.327422 -0.258068 -0.178148 -0.090936 0.000000 
0.000000 0.074905 0.146743 0.212574 0.269701 0.315788 0.348945 0.367817 0.371631 0.360230 0.334081 0.294254 0.242381 0.180585 0.111396 0.037646 -0.037646 -0.111396 -0.180585 -0.242381 -0.294254 -0.334081 -0.360230 -0.371631 -0.367817 -0.348945 -0.315788 -0.269701 -0.212574 -0.146743 -0.074905 0.000000 
0.000000 0.055808 0.109330 0.158377 0.200940 0.235276 0.259980 0.274041 0.276882 0.268387 0.248905 0.219233 0.180585 0.134544 0.082995 0.028048 -0.028048 -0.082995 -0.134544 -0.180585 -0.219233 -0.248905 -0.268387 -0.276882 -0.274041 -0.259980 -0.235276 -0.200940 -0.158377 -0.109330 -0.055808 0.000000 
0.000000 0.034425 0.067441 0.097696 0.123952 0.145132 0.160371 0.169045 0.170797 0.165557 0.153540 0.135236 0.111396 0.082995 0.051196 0.017301 -0.017301 -0.051196 -0.082995 -0.111396 -0.135236 -0.153540 -0.165557 -0.170797 -0.169045 -0.160371 -0.145132 -0.123952 -0.097696 -0.067441 -0.034425 0.000000 
0.000000 0.011634 0.022791 0.033016 0.041889 0.049047 0.054197 0.057128 0.057720 0.055949 0.051888 0.045702 0.037646 0.028048 0.017301 0.005847 -0.005847 -0.017301 -0.028048 -0.037646 -0.045702 -0.051888 -0.055949 -0.057720 -0.057128 -0.054197 -0.049047 -0.041889 -0.033016 -0.022791 -0.011634 0.000000 
0.000000 -0.011634 -0.022791 -0.033016 -0.041889 -0.049047 -0.054197 -0.057128 -0.057720 -0.055949 -0.051888 -0.045702 -0.037646 -0.028048 -0.017301 -0.005847 0.005847 0.017301 0.028048 0.037646 0.045702 0.051888 0.055949 0.057720 0.057128 0.054197 0.049047 0.041889 0.033016 0.022791 0.011634 0.000000 
0.000000 -0.034425 -0.067441 -0.097696 -0.123952 -0.145132 -0.160371 -0.169045 -0.170797 -0.165557 -0.153540 -0.135236 -0.111396 -0.082995 -0.051196 -0.017301 0.017301 0.051196 0.082995 0.111396 0.135236 0.153540 0.165557 0.170797 0.169045 0.160371 0.145132 0.123952 0.097696 0.067441 0.034425 0.000000 
0.000000 -0.055808 -0.109330 -0.158377 -0.200940 -0.235276 -0.259980 -0.274041 -0.276882 -0.268387 -0.248905 -0.219233 -0.180585 -0.134544 -0.082995 -0.028048 0.028048 0.082995 0.134544 0.180585 0.219233 0.248905 0.268387 0.276882 0.274041 0.259980 0.235276 0.200940 0.158377 0.109330 0.055808 0.000000 
0.000000 -0.074905 -0.146743 -0.212574 -0.269701 -0.315788 -0.348945 -0.367817 -0.371631 -0.360230 -0.334081 -0.294254 -0.242381 -0.180585 -0.111396 -0.037646 0.037646 0.111396 0.180585 0.242381 0.294254 0.334081 0.360230 0.371631 0.367817 0.348945 0.315788 0.269701 0.212574 0.146743 0.074905 0.000000 
0.000000 -0.090936 -0.178148 -0.258068 -0.327422 -0.383371 -0.423625 -0.446536 -0.451165 -0.437324 -0.405579 -0.357229 -0.294254 -0.219233 -0.135236 -0.045702 0.045702 0.135236 0.219233 0.294254 0.357229 0.405579 0.437324 0.451165 0.446536 0.423625 0.383371 0.327422 0.258068 0.178148 0.090936 0.000000 
0.000000 -0.103243 -0.202260 -0.292996 -0.371737 -0.435259 -0.480961 -0.506973 -0.512229 -0.496514 -0.460472 -0.405579 -0.334081 -0.248905 -0.153540 -0.051888 0.051888 0.153540 0.248905 0.334081 0.405579 0.460472 0.496514 0.512229 0.506973 0.480961 0.435259 0.371737 0.292996 0.202260 0.103243 0.000000 
0.000000 -0.111324 -0.218091 -0.315929 -0.400833 -0.469327 -0.518607 -0.546654 -0.552322 -0.535377 -0.496514 -0.437324 -0.360230 -0.268387 -0.165557 -0.055949 0.055949 0.165557 0.268387 0.360230 0.437324 0.496514 0.535377 0.552322 0.546654 0.518607 0.469327 0.400833 0.315929 0.218091 0.111324 0.000000 
0.000000 -0.114848 -0.224994 -0.325929 -0.413520 -0.484181 -0.535020 -0.563956 -0.569803 -0.552322 -0.512229 -0.451165 -0.371631 -0.276882 -0.170797 -0.057720 0.057720 0.170797 0.276882 0.371631 0.451165 0.512229 0.552322 0.569803 0.563956 0.535020 0.484181 0.413520 0.325929 0.224994 0.114848 0.000000 
0.000000 -0.113669 -0.222685 -0.322584 -0.409276 -0.479213 -0.529530 -0.558169 -0.563956 -0.546654 -0.506973 -0.446536 -0.367817 -0.274041 -0.169045 -0.057128 0.057128 0.169045 0.274041 0.367817 0.446536 0.506973 0.546654 0.563956 0.558169 0.529530 0.479213 0.409276 0.322584 0.222685 0.113669 0.000000 
0.000000 -0.107837 -0.211260 -0.306033 -0.388277 -0.454626 -0.502361 -0.529530 -0.535020 -0.518607 -0.480961 -0.423625 -0.348945 -0.259980 -0.160371 -0.054197 0.054197 0.160371 0.259980 0.348945 0.423625 0.480961 0.518607 0.535020 0.529530 0.502361 0.454626 0.388277 0.306033 0.211260 0.107837 0.000000 
0.000000 -0.097590 -0.191185 -0.276953 -0.351382 -0.411426 -0.454626 -0.479213 -0.484181 -0.469327 -0.435259 -0.383371 -0.315788 -0.235276 -0.145132 -0.049047 0.049047 0.145132 0.235276 0.315788 0.383371 0.435259 0.469327 0.484181 0.479213 0.454626 0.411426 0.351382 0.276953 0.191185 0.097590 0.000000 
0.000000 -0.083348 -0.163283 -0.236534 -0.300101 -0.351382 -0.388277 -0.409276 -0.413520 -0.400833 -0.371737 -0.327422 -0.269701 -0.200940 -0.123952 -0.041889 0.041889 0.123952 0.200940 0.269701 0.327422 0.371737 0.400833 0.413520 0.409276 0.388277 0.351382 0.300101 0.236534 0.163283 0.083348 0.000000 
0.000000 -0.065693 -0.128697 -0.186432 -0.236534 -0.276953 -0.306033 -0.322584 -0.325929 -0.315929 -0.292996 -0.258068 -0.212574 -0.158377 -0.097696 -0.033016 0.033016 0.097696 0.158377 0.212574 0.258068 0.292996 0.315929 0.325929 0.322584 0.306033 0.276953 0.236534 0.186432 0.128697 0.065693 0.000000 
0.000000 -0.045349 -0.088842 -0.128697 -0.163283 -0.191185 -0.211260 -0.222685 -0.224994 -0.218091 -0.202260 -0.178148 -0.146743 -0.109330 -0.067441 -0.022791 0.022791 0.067441 0.109330 0.146743 0.178148 0.202260 0.218091 0.224994 0.222685 0.211260 0.191185 0.163283 0.128697 0.088842 0.045349 0.000000 
0.000000 -0.023148 -0.045349 -0.065693 -0.083348 -0.097590 -0.107837 -0.113669 -0.114848 -0.111324 -0.103243 -0.090936 -0.074905 -0.055808 -0.034425 -0.011634 0.011634 0.034425 0.055808 0.074905 0.090936 0.103243 0.111324 0.114848 0.113669 0.107837 0.097590 0.083348 0.065693 0.045349 0.023148 0.000000 
0.000000 0.000000 0.000000 0.000000 0.000000 0.000000 0.000000 0.000000 0.000000 0.000000 0.000000 0.000000 0.000000 0.000000 0.000000 0.000000 0.000000 0.000000 0.000000 0.000000 0.000000 0.000000 0.000000 0.000000 0.000000 0.000000 0.000000 0.000000 0.000000 0.000000 0.000000 0.000000 


0.000000 0.000000 0.000000 0.000000 0.000000 0.000000 0.000000 0.000000 0.000000 0.000000 0.000000 0.000000 0.000000 0.000000 0.000000 0.000000 0.000000 0.000000 0.000000 0.000000 0.000000 0.000000 0.000000 0.000000 0.000000 0.000000 0.000000 0.000000 0.000000 0.000000 0.000000 0.000000 
0.000000 0.029369 0.057536 0.083348 0.105747 0.123817 0.136818 0.144217 0.145712 0.141242 0.130989 0.115374 0.095035 0.070805 0.043677 0.014760 -0.014760 -0.043677 -0.070805 -0.095035 -0.115374 -0.130989 -0.141242 -0.145712 -0.144217 -0.136818 -0.123817 -0.105747 -0.083348 -0.057536 -0.029369 0.000000 
0.000000 0.057536 0.112717 0.163283 0.207165 0.242565 0.268034 0.282530 0.285459 0.276702 0.256616 0.226024 0.186179 0.138712 0.085566 0.028917 -0.028917 -0.085566 -0.138712 -0.186179 -0.226024 -0.256616 -0.276702 -0.285459 -0.282530 -0.268034 -0.242565 -0.207165 -0.163283 -0.112717 -0.057536 0.000000 
0.000000 0.083348 0.163283 0.236534 0.300101 0.351382 0.388277 0.409276 0.413520 0.400833 0.371737 0.327422 0.269701 0.200940 0.123952 0.041889 -0.041889 -0.123952 -0.200940 -0.269701 -0.327422 -0.371737 -0.400833 -0.413520 -0.409276 -0.388277 -0.351382 -0.300101 -0.236534 -0.163283 -0.083348 0.000000 
0.000000 0.105747 0.207165 0.300101 0.380751 0.445814 0.492624 0.519267 0.524650 0.508555 0.471639 0.415414 0.342182 0.254941 0.157263 0.053146 -0.053146 -0.157263 -0.254941 -0.342182 -0.415414 -0.471639 -0.508555 -0.524650 -0.519267 -0.492624 -0.445814 -0.380751 -0.300101 -0.207165 -0.105747 0.000000 
